name: compact
channels:
  - bioconda
  - defaults
dependencies:
  - _libgcc_mutex=0.1=main
  - _openmp_mutex=4.5=1_gnu
  - blas=1.0=mkl
  - blast=2.12.0=pl5262h3289130_0
  - bottleneck=1.3.2=py39hdd57654_1
  - bzip2=1.0.8=h7b6447c_0
  - c-ares=1.17.1=h27cfd23_0
  - ca-certificates=2021.10.26=h06a4308_2
  - certifi=2021.10.8=py39h06a4308_0
  - curl=7.80.0=h7f8727e_0
  - entrez-direct=16.2=he881be0_0
  - intel-openmp=2021.4.0=h06a4308_3561
  - krb5=1.19.2=hac12032_0
  - ld_impl_linux-64=2.35.1=h7274673_9
  - libcurl=7.80.0=h0b77cf5_0
  - libedit=3.1.20210910=h7f8727e_0
  - libev=4.33=h7f8727e_1
  - libffi=3.3=he6710b0_2
  - libgcc-ng=9.3.0=h5101ec6_17
  - libgomp=9.3.0=h5101ec6_17
  - libnghttp2=1.46.0=hce63b2e_0
  - libssh2=1.9.0=h1ba5d50_1
  - libstdcxx-ng=9.3.0=hd4cf53a_17
  - mcl=14.137=pl5262h779adbc_6
  - mkl=2021.4.0=h06a4308_640
  - mkl-service=2.4.0=py39h7f8727e_0
  - mkl_fft=1.3.1=py39hd3c417c_0
  - mkl_random=1.2.2=py39h51133e4_0
  - ncurses=6.3=h7f8727e_2
  - numexpr=2.7.3=py39h22e1b3c_1
  - numpy=1.21.2=py39h20f2e39_0
  - numpy-base=1.21.2=py39h79a1101_0
  - openssl=1.1.1l=h7f8727e_0
  - pandas=1.3.4=py39h8c16a72_0
  - pcre=8.45=h295c915_0
  - perl=5.26.2=h14c3975_0
  - perl-archive-tar=2.32=pl526_0
  - perl-carp=1.38=pl526_3
  - perl-common-sense=3.74=pl526_2
  - perl-compress-raw-bzip2=2.087=pl526he1b5a44_0
  - perl-compress-raw-zlib=2.087=pl526hc9558a2_0
  - perl-exporter=5.72=pl526_1
  - perl-exporter-tiny=1.002001=pl526_0
  - perl-extutils-makemaker=7.36=pl526_1
  - perl-io-compress=2.087=pl526he1b5a44_0
  - perl-io-zlib=1.10=pl526_2
  - perl-json=4.02=pl526_0
  - perl-json-xs=2.34=pl526h6bb024c_3
  - perl-list-moreutils=0.428=pl526_1
  - perl-list-moreutils-xs=0.428=pl526_0
  - perl-pathtools=3.75=pl526h14c3975_1
  - perl-scalar-list-utils=1.52=pl526h516909a_0
  - perl-types-serialiser=1.0=pl526_2
  - perl-xsloader=0.24=pl526_0
  - pip=21.2.4=py39h06a4308_0
  - python=3.9.7=h12debd9_1
  - python-dateutil=2.8.2=pyhd3eb1b0_0
  - pytz=2021.3=pyhd3eb1b0_0
  - readline=8.1=h27cfd23_0
  - setuptools=58.0.4=py39h06a4308_0
  - six=1.16.0=pyhd3eb1b0_0
  - sqlite=3.36.0=hc218d9a_0
  - tk=8.6.11=h1ccaba5_0
  - tzdata=2021e=hda174b7_0
  - wheel=0.37.0=pyhd3eb1b0_1
  - xz=5.2.5=h7b6447c_0
  - zlib=1.2.11=h7b6447c_3
  - pip:
    - rbo==0.1.2
prefix: /home/joerivs/miniconda3/envs/rbomcl
